12 15 15 15 15 16 16 1 1 2 3 5 6 6 7 7 8 8 8 9 10 12 13 14 14 15 15 9
8 15 16 16 16 16 1 1 2 3 4 5 6 7 7 7 8 9 9 10 11 12 13 14 14 15 15 16 9
8 10 13 14 15 15 16 16 1 1 1 2 2 4 5 7 7 8 8 8 9 9 9 10 11 12 10
12 15 15 16 16 16 1 1 2 3 4 6 7 8 8 9 9 10 10 11 12 13 15 10
8 13 15 16 16 16 16 1 1 1 1 2 4 5 6 7 7 8 8 8 9 10 11 13 14 15 10
12 15 16 1 1 2 4 6 7 7 8 9 9 10 11 13 14 15 16 9
11 13 14 15 16 1 1 1 2 3 4 5 7 7 8 9 10 11 12 12 13 13 13 9
12 14 15 15 16 1 2 3 4 5 7 8 8 9 9 10 10 11 13 10
14 16 16 16 1 1 1 3 5 6 7 8 8 8 9 10 11 12 13 14 15 15 16 1 9
11 15 16 16 16 16 1 1 1 2 5 7 7 8 8 9 9 10 11 12 13 14 16 1 9
13 15 15 15 15 15 16 16 16 1 1 2 3 5 5 6 6 7 7 7 8 8 8 8 9 9 10 10 11 11 13 14 15 10
11 13 14 15 15 15 16 16 16 16 1 1 1 2 3 3 4 5 6 6 7 7 7 8 8 8 9 9 9 10 10 11 11 12 13 14 10
10 13 14 15 15 16 16 1 1 2 3 4 5 6 6 7 8 8 8 9 9 9 9 10 10 12 13 15 10
13 15 15 16 16 16 1 1 2 3 4 5 6 7 7 8 8 8 9 9 9 10 11 12 13 10
1 16 16 1 1 2 3 5 6 7 7 8 10 11 12 13 15 16 1 9
1 16 16 1 2 3 4 6 7 8 8 9 11 12 12 15 1 9
10 13 14 14 15 15 16 1 3 4 5 5 5 6 6 6 7 9 10 11 13 10
14 14 15 16 16 1 2 3 5 6 6 7 7 7 8 8 9 9 10 11 13 13 14 14 15 15 16 10
12 14 15 15 16 16 1 2 3 4 6 7 8 8 8 9 9 10 10 12 13 15 16 1 2 10
15 15 16 16 16 16 16 1 1 3 5 7 7 8 8 8 9 9 10 10 12 14 15 16 16 1 1 2 3 9
7 11 14 15 16 16 16 16 16 16 16 16 1 1 1 1 1 2 4 7 7 7 8 8 8 8 8 8 9 9 9 9 10 12 14 15 15 10
8 9 13 14 15 15 16 16 16 16 16 16 16 1 1 1 1 2 5 7 7 7 8 8 8 8 9 9 9 10 10 11 13 15 16 16 16 10
