15 15 15 15 6 7 7 7 7 7 7 7 6 6 6 6 6 6 5 1 16 16 16 16 16 16 16 16 16 16 16 2 4 5 6 10
16 16 7 7 7 6 6 6 6 6 6 6 6 6 5 2 1 16 16 16 16 16 16 16 16 16 1 3 3 4 5 5 10
14 7 8 7 8 8 8 8 8 8 9 8 9 9 9 13 16 16 16 1 16 16 16 16 1 16 1 1 1 1 4 7 7 7 10
7 7 8 7 8 8 8 8 8 8 9 8 9 15 16 16 16 16 16 1 1 1 1 1 1 1 2 10
5 6 7 7 7 7 7 7 7 7 7 7 7 8 9 9 15 16 16 16 16 16 16 16 1 1 1 1 1 16 16 16 16 15 15 14 13 12 12 11 11 11 11 12 12 5 5 4 4 5 5 5 5 4 5 5 4 10
14 6 6 6 7 7 7 7 7 7 7 7 8 8 9 9 13 15 16 16 16 16 1 1 1 1 1 1 1 16 15 14 13 13 12 12 12 12 12 12 4 5 4 5 4 5 5 5 4 5 5 10
6 6 6 7 7 7 7 7 7 7 7 8 8 8 8 9 9 11 14 15 15 16 16 16 16 16 16 1 1 1 1 1 1 1 2 4 9 9 9 10
5 7 7 7 7 7 7 7 7 7 7 7 7 7 8 8 8 8 15 16 16 16 16 1 1 1 1 1 1 1 1 1 1 1 1 6 7 7 7 7 10
7 1 16 1 16 16 16 16 16 1 1 1 1 3 4 5 10
2 16 16 1 16 1 1 1 1 1 1 2 2 9
7 4 16 16 11 16 16 16 16 16 16 16 16 16 14 2 5 8 9
16 7 7 7 7 7 7 7 7 7 7 7 7 8 8 15 15 16 16 16 16 16 16 16 16 16 16 16 16 16 16 15 13 13 12 12 12 12 12 11 5 5 5 4 4 4 4 4 5 4 5 4 5 5 6 10
6 6 6 6 7 7 7 7 7 7 7 8 7 8 8 8 8 16 16 16 16 16 16 16 16 16 16 16 16 16 16 16 16 16 16 16 16 16 8 9 9
15 6 7 6 7 7 7 7 7 7 7 7 7 7 7 7 1 16 16 16 16 16 16 16 16 16 16 16 16 16 1 1 10
1 4 6 7 7 7 7 7 7 7 7 7 7 7 7 7 7 7 7 7 1 1 16 16 16 1 1 1 1 1 1 1 1 1 1 1 1 2 1 14 13 13 13 13 13 13 13 12 13 12 11 5 5 5 5 5 5 5 5 5 5 5 5 5 5 5 5 4 2 3 7 10
4 6 6 7 7 7 7 7 7 7 7 7 5 3 2 1 1 16 16 16 16 16 16 16 16 16 16 16 16 16 16 16 16 15 15 14 14 14 13 14 13 13 5 5 5 5 5 5 5 5 5 5 5 5 5 4 4 8 10 10
9 6 6 6 6 6 6 6 6 6 7 7 7 7 12 13 14 14 14 15 15 15 15 16 16 16 16 16 1 1 1 1 1 1 1 16 14 13 12 12 12 12 12 11 11 11 11 11 9
6 6 6 6 6 6 6 6 6 6 7 7 8 9 12 13 14 14 15 15 15 15 16 16 16 16 16 16 1 1 1 1 1 1 16 13 12 13 13 13 13 13 13 13 13 12 6 6 5 5 5 5 5 5 5 5 1 14 10
5 6 6 6 6 6 6 7 7 7 7 7 7 7 7 8 15 15 15 16 16 16 16 16 16 16 16 1 1 1 2 4 5 6 7 7 8 10
5 6 6 6 6 6 7 7 7 7 7 7 8 8 8 15 15 16 16 16 16 16 16 16 16 16 16 1 1 1 3 5 6 6 7 10
16 5 6 6 6 6 7 6 7 7 7 7 7 7 7 7 7 15 15 15 15 16 16 16 16 16 16 16 16 16 16 16 16 16 16 16 16 16 16 1 1 5 7 7 7 7 9
15 5 6 6 6 6 6 7 7 7 7 7 7 7 7 7 16 16 16 16 16 16 16 16 16 16 16 16 16 16 16 16 16 16 2 5 6 6 7 10
