10 14 14 15 15 15 15 15 16 16 16 1 2 3 4 4 5 5 5 5 5 5 5 4 14 10 
7 7 14 14 15 15 15 15 15 15 16 1 1 3 4 4 5 5 5 6 5 6 10 
14 14 15 14 15 15 15 15 15 16 1 2 3 3 4 4 4 4 5 5 5 5 5 5 6 6 10 
2 15 15 15 15 15 15 15 15 15 16 16 1 2 3 4 4 4 5 5 5 5 5 6 6 7 7 10 
10 9 8 7 5 1 1 16 16 16 16 16 16 16 16 16 1 1 3 5 5 5 5 5 5 5 5 5 5 4 5 5 10 
8 6 4 1 2 1 1 16 1 16 16 16 1 1 2 5 6 5 5 5 5 5 5 5 4 5 5 5 10 
15 1 16 16 16 16 16 16 16 16 16 1 1 2 3 3 4 4 4 5 5 5 6 6 6 6 7 7 10 
15 15 16 15 16 16 16 16 1 1 1 2 2 2 3 3 4 4 5 5 5 6 5 6 6 10 
11 13 15 15 15 15 15 15 15 15 16 16 1 3 4 4 4 4 5 5 5 5 5 5 10 
15 16 16 16 16 16 16 16 16 1 2 4 4 5 5 5 5 5 4 3 1 16 16 16 16 1 1 3 3 10 
16 16 16 16 16 16 16 16 1 1 2 4 5 6 6 6 6 6 6 5 3 16 16 16 16 16 16 16 16 1 1 2 10 
8 9 9 9 12 14 15 15 15 16 16 16 16 16 16 16 1 1 2 3 5 6 6 6 6 6 6 6 6 5 1 16 16 16 16 16 16 16 16 16 16 1 1 2 3 4 10 
6 3 15 16 16 16 16 16 16 16 16 16 16 16 16 1 2 3 4 5 5 5 5 5 5 5 5 5 5 5 5 5 6 5 6 5 7 8 9 9 9 9 9 9 9 9 10 9 11 16 16 16 16 16 1 16 16 16 16 16 16 16 16 1 16 16 10 
7 6 1 16 16 16 16 16 16 16 16 16 16 16 16 16 16 1 1 2 3 4 4 5 5 5 5 6 5 5 6 5 6 6 6 5 6 6 7 7 7 7 8 8 8 8 9 9 9 9 9 9 13 16 16 16 16 16 16 16 16 16 16 16 16 16 16 1 7 10 
7 16 15 15 15 15 15 15 16 16 16 1 2 3 3 4 4 5 5 5 6 6 6 6 6 7 7 7 7 7 8 8 8 15 16 16 16 16 16 16 16 16 16 1 16 16 16 15 15 10 8 10 8 10 
13 13 14 13 15 15 15 16 16 16 16 16 16 1 1 2 3 3 3 4 4 4 5 5 5 5 5 6 6 6 6 6 7 7 7 7 8 8 7 8 15 15 16 16 16 16 16 16 16 16 16 1 1 1 1 1 1 16 16 9 7 7 10 
8 8 10 15 15 16 15 16 16 16 16 16 1 2 3 4 5 5 5 6 6 6 6 7 7 8 11 13 13 14 15 15 16 1 1 1 16 1 16 16 1 16 2 10 
7 7 7 8 14 15 16 16 16 1 1 2 2 3 4 5 5 5 6 6 6 6 7 7 9 10 12 13 13 14 15 15 16 16 16 16 1 1 1 1 1 16 16 1 16 2 5 5 10 
8 7 10 7 15 16 15 16 16 16 16 16 16 1 1 2 2 3 4 5 5 5 6 6 6 6 7 8 9 9 10 
15 15 15 16 15 16 15 16 16 1 1 2 3 4 4 5 5 6 6 6 7 7 8 10 
8 1 16 16 15 15 15 15 15 15 15 15 15 14 14 14 14 14 15 15 16 2 3 4 5 5 5 5 5 5 5 5 5 5 5 6 6 7 7 7 8 8 9 9 11 12 13 13 14 16 1 16 16 16 16 16 16 16 16 16 16 16 16 16 16 16 16 16 1 5 7 7 8 8 8 10 
13 15 15 15 15 15 15 15 15 15 14 14 14 15 14 15 15 15 1 2 3 3 4 4 4 4 4 5 5 5 5 5 4 4 4 3 3 4 6 7 8 8 9 11 
