6 6 6 9 13 13 14 13 14 13 14 14 14 14 15 1 3 3 4 3 3 3 3 2 2 16 15 15 14 14 14 13 13 13 13 12 8 5 6 5 5 9
6 7 9 10 13 13 13 13 14 14 14 14 15 16 3 3 4 4 4 4 3 2 1 15 15 14 14 14 14 13 14 13 13 4 5 9
9 9 10 9 14 15 15 16 16 16 16 1 1 2 2 3 3 4 4 4 4 3 3 3 2 2 1 16 15 15 14 14 14 13 13 13 13 11 10 10 9 8 9
9 15 16 16 16 16 16 1 1 1 2 3 3 4 4 4 4 3 3 2 2 1 16 16 15 15 14 14 13 13 12 11 11 10 9
7 7 8 7 8 15 15 15 15 15 15 15 16 16 16 2 3 5 5 5 5 5 5 4 4 3 3 2 2 2 1 16 16 15 14 14 14 14 13 13 13 12 12 11 11 8 8 7 7 7 7 9
15 16 15 15 15 16 15 15 15 16 16 3 5 5 5 4 4 3 3 3 2 2 2 1 16 16 15 14 13 13 13 13 12 13 12 12 12 11 8 6 7 7 9
12 6 5 5 4 5 5 5 5 4 5 5 5 10 11
8 5 5 5 4 5 4 5 5 4 5 5 5 6 8 11
4 1 1 1 1 1 1 1 1 1 1 1 16 16 14 13 12 12 11 11 10 10 10 9 9
13 15 15 1 16 1 1 1 16 16 16 15 14 13 11 11 11 10 10 9
12 13 16 16 2 1 2 2 2 2 2 2 2 2 2 1 1 16 15 15 15 14 14 13 13 12 11 10 9 9
12 13 13 14 14 16 16 2 2 3 3 3 3 3 3 2 2 2 1 1 16 16 15 15 15 14 14 13 13 13 11 11 11 10 9
7 5 5 4 5 5 5 5 5 5 5 5 5 5 13 11
7 6 4 5 4 5 4 5 4 5 5 5 5 5 6 10 12 11
14 14 6 5 5 4 4 5 5 4 5 5 5 5 6 6 13 12 12 12 12 12 12 13 13 13 14 14 14 14 15 16 15 16 16 16 1 1 1 1 2 2 3 5 5 5 5 5 4 4 4 4 3 3 3 2 2 2 1 1 16 15 15 15 15 15 14 14 14 13 12 11 11 11 10 11 9 13 9 9
7 8 5 14 13 13 13 12 13 13 13 13 13 13 13 13 13 13 15 16 16 1 1 1 2 2 2 2 2 2 1 1 2 6 6 7 6 6 5 5 5 5 4 4 3 3 2 2 1 1 1 1 1 1 16 15 15 15 14 14 13 13 12 12 12 12 11 12 12 5 10
11 6 5 5 5 5 5 5 5 6 11 13 13 13 13 13 13 13 13 13 14 16 2 2 2 1 2 1 1 1 1 1 1 16 16 15 14 13 13 13 13 12 13 11 9
12 5 5 5 5 5 5 5 5 9 12 13 13 13 13 13 13 14 14 15 16 16 1 2 2 2 2 2 2 2 2 1 1 1 16 16 15 14 14 13 13 13 13 12 12 12 10 7 9
10 9 7 6 5 5 5 5 5 5 5 5 4 4 4 3 15 14 13 12 10
9 5 5 5 5 5 5 5 5 5 5 5 5 9 11
9 13 14 15 16 16 16 16 16 16 16 16 16 16 16 15 16 16 1 5 7 6 6 6 6 6 6 6 5 5 5 4 4 3 3 2 2 1 1 16 16 16 15 15 15 15 15 14 14 14 13 13 9 8 9
15 16 16 1 16 1 16 16 16 16 16 16 16 16 16 16 16 16 16 5 6 6 6 6 6 6 6 5 5 5 4 3 2 1 1 16 16 16 16 15 15 15 15 14 14 13 11 10 9 9
