6 7 7 7 12 14 14 14 14 15 15 15 15 16 16 1 1 2 3 3 4 4 5 6 7 8 9 10 10 11 12 12 13 12 14 15 16 10 
9 12 13 14 14 14 14 15 15 15 15 16 1 1 3 4 5 5 6 6 7 8 10 12 13 13 13 13 14 15 1 3 10 
8 9 10 9 13 12 14 14 14 14 15 15 15 16 16 16 16 1 1 1 2 2 3 4 5 5 6 7 7 8 9 10 10 11 12 12 13 13 13 14 15 15 16 1 9 
8 12 14 14 15 15 15 15 15 16 16 16 16 16 1 2 3 3 5 5 6 6 7 8 8 9 10 11 12 12 12 13 13 14 14 14 9 
7 7 7 7 8 8 11 13 13 13 14 14 15 15 15 15 15 16 16 1 1 2 2 3 4 4 5 5 6 7 7 8 10 11 12 13 13 14 14 15 15 1 3 9 
6 13 14 14 14 14 14 14 15 15 15 16 16 1 2 3 3 4 5 5 6 6 7 7 9 10 11 12 12 13 13 14 14 15 15 16 9 
7 7 9 11 11 13 12 13 13 13 13 14 14 14 15 15 15 16 16 1 2 2 3 3 4 4 5 5 6 7 8 10 11 11 11 11 12 12 12 12 13 13 13 9 
7 8 11 13 13 14 14 14 14 14 15 15 15 16 16 16 1 1 2 3 3 3 4 4 5 5 5 7 8 9 9 10 10 10 11 11 11 12 12 12 13 13 14 9 
12 12 13 14 14 15 15 15 16 16 1 1 2 2 3 4 5 5 6 6 7 7 8 10 11 12 13 13 14 14 14 15 15 16 1 2 9 
13 13 14 14 15 15 16 16 1 2 3 3 4 5 5 5 6 7 9 11 12 13 13 13 14 14 14 9 
11 13 13 13 14 14 14 14 15 15 15 15 16 16 1 3 4 4 5 5 5 6 6 7 9 11 12 12 13 13 13 13 14 14 9 
8 8 11 11 12 13 13 14 14 14 15 15 15 15 16 16 16 1 2 3 4 5 5 5 6 6 7 7 8 10 11 12 12 13 13 13 14 14 14 15 9 
12 12 13 12 13 13 13 13 14 14 14 14 15 15 16 16 16 16 16 1 1 1 2 2 2 3 3 4 4 5 5 5 6 6 7 7 8 8 9 9 10 11 11 12 12 12 13 13 14 15 15 15 16 16 1 9 
11 12 12 12 13 13 14 14 14 14 15 15 15 15 16 16 16 1 1 1 2 2 3 3 4 4 5 5 6 6 6 7 7 8 9 9 10 11 11 12 12 13 13 14 14 15 16 16 1 1 9 
5 13 14 14 15 14 15 15 15 15 15 15 15 16 16 16 16 1 1 1 1 2 2 2 2 3 3 3 4 4 5 5 6 6 6 6 7 7 9 11 12 12 12 12 13 13 13 14 14 14 16 3 3 4 9 
13 14 14 14 14 14 14 14 14 15 15 15 15 15 16 16 16 16 16 1 1 1 1 1 2 3 3 4 4 4 5 5 5 6 6 7 7 8 9 9 11 13 13 14 14 14 14 14 15 10 
10 12 12 12 13 13 13 13 14 14 14 14 14 14 15 15 15 15 15 16 16 1 2 3 4 5 5 5 6 6 6 7 9 11 11 12 12 12 13 13 14 1 10 
7 13 13 13 13 13 13 14 14 14 14 14 14 14 15 15 15 15 16 1 1 2 3 4 4 5 5 5 6 6 7 8 9 10 11 11 12 12 13 13 14 15 1 2 9 
6 6 9 12 12 12 13 13 13 14 14 14 14 15 15 15 16 16 1 2 3 3 4 5 5 6 7 8 8 9 11 11 12 13 13 13 14 14 15 1 2 3 4 5 9 
5 4 16 13 13 14 14 14 14 14 14 15 15 15 15 16 16 1 2 2 3 4 5 5 6 7 8 9 11 12 12 13 13 13 14 14 15 2 3 4 5 5 9 
7 9 9 12 12 13 13 13 14 14 14 14 14 15 15 15 15 16 16 16 16 16 16 16 16 16 1 1 1 1 2 3 4 4 5 5 6 6 7 7 8 8 9 9 10 10 11 11 11 12 13 14 15 15 16 1 1 2 10 
10 11 12 13 14 14 15 15 15 15 15 15 15 16 16 16 16 16 16 16 1 1 1 2 2 3 4 5 6 6 7 7 7 8 8 8 9 9 10 11 12 13 14 14 15 15 16 16 9 
