12 12 12 13 6 5 5 5 5 5 5 5 5 4 3 2 1 15 15 15 15 15 15 15 15 15 16 1 1 3 4 5 6 10
13 13 14 6 5 6 5 5 5 5 5 5 4 4 3 2 1 16 15 15 15 15 15 15 15 16 1 2 5 5 5 6 10
14 2 3 4 4 5 4 5 5 5 5 5 4 4 2 1 16 15 15 15 15 15 15 15 15 15 15 15 16 8 7 8 9
13 1 3 5 4 5 4 5 5 5 5 5 5 5 4 2 1 16 16 15 15 15 15 15 15 15 15 15 16 16 3 6 7 9
13 13 14 14 3 5 5 5 5 5 5 5 5 5 5 6 16 15 15 15 15 16 16 16 16 16 16 16 1 1 1 16 7 9 10 9
3 3 4 3 5 4 5 5 5 5 5 6 6 6 15 15 15 15 16 16 16 16 16 16 16 1 1 10 9 9
12 9 6 4 4 4 4 3 3 3 2 1 1 16 15 15 15 15 15 15 15 16 16 1 7 10
9 9 5 5 3 4 3 3 2 2 1 1 16 16 16 16 16 16 16 16 1 16 2 9 10
8 6 5 5 5 4 4 3 3 2 1 1 1 16 16 16 16 16 16 1 16 1 16 9 10 9 10 10
6 6 5 5 4 4 4 3 2 1 1 16 16 16 16 16 16 16 16 16 16 9
12 3 3 4 4 4 4 5 4 4 4 2 1 1 16 16 16 16 16 16 16 16 16 16 1 2 6 9
2 2 3 4 4 4 4 5 4 4 4 4 2 1 16 16 16 16 16 16 16 16 16 16 1 1 2 4 6 10
5 3 5 4 5 5 5 5 5 5 4 4 4 3 2 1 16 16 15 15 15 15 15 15 15 15 15 16 16 16 16 16 16 16 16 15 8 9
11 5 3 4 4 4 4 4 5 5 5 5 5 5 5 4 3 1 16 15 16 15 15 15 15 15 15 15 15 15 15 15 15 15 16 15 16 16 16 15 16 8 8 9 9 9
11 11 12 4 5 5 5 5 5 5 5 5 5 5 5 4 5 5 5 4 3 1 15 15 15 15 15 15 15 15 15 15 15 15 16 16 16 16 1 5 8 8 9 7 10
13 10 10 16 1 2 4 4 5 5 5 5 5 5 5 4 4 4 4 4 4 4 4 5 5 2 15 15 15 15 15 15 15 16 16 16 16 16 16 16 16 15 16 16 16 4 7 7 10
9 8 6 5 5 5 5 4 5 5 4 4 4 14 13 14 14 14 14 15 15 15 16 16 16 16 16 15 16 15 15 9
10 7 5 5 5 5 5 4 4 4 3 3 1 16 15 15 15 15 15 15 15 15 15 16 16 16 16 16 16 16 15 15 15 14 13 9
10 7 6 6 6 5 5 5 4 4 3 2 2 1 16 16 15 15 15 15 15 15 15 15 15 15 15 16 9 8 9
7 6 6 6 5 5 5 5 4 4 3 2 1 16 16 15 15 15 15 15 15 15 15 15 15 15 15 11 9
12 4 4 4 4 5 5 5 5 5 5 5 4 4 3 2 1 16 16 15 15 15 15 15 15 15 15 15 15 15 15 15 15 15 15 15 16 16 5 7 7 9
11 14 14 3 4 5 5 5 5 5 5 5 5 4 4 3 1 1 16 16 15 15 15 15 15 15 15 15 15 15 16 15 16 2 7 9
