6 9 10 13 13 13 13 14 14 14 15 15 16 1 3 4 5 5 5 6 6 6 6 6 6 7 7 15 15 15 15 15 16 16 16 16 16 16 16 1 1 2 3 10 
6 6 6 6 12 13 13 14 14 14 14 14 14 15 16 1 3 4 5 5 5 5 5 6 6 6 7 7 8 12 14 15 15 16 16 16 16 16 16 16 16 16 16 1 16 2 3 5 6 10 
9 9 10 11 11 12 12 13 13 14 14 15 15 16 16 1 1 2 4 4 5 5 6 6 6 7 7 7 7 7 8 14 15 15 16 16 16 16 16 16 16 16 16 16 15 14 9 
9 10 11 10 12 12 13 13 14 14 15 15 16 16 1 2 2 3 4 5 6 6 6 7 7 7 8 8 9 13 15 16 16 16 16 16 16 16 16 16 16 16 12 9 
7 8 8 9 9 11 13 13 13 13 14 14 14 15 15 16 16 1 2 3 4 5 5 5 6 6 6 7 7 7 8 13 15 15 16 16 16 16 16 16 16 1 1 16 1 7 10 
4 11 13 12 12 13 13 13 14 14 15 15 16 1 2 3 4 4 5 5 5 6 6 7 7 7 8 8 9 11 15 16 16 16 16 16 16 16 16 1 16 16 6 10 
9 9 8 7 5 5 4 4 4 3 3 2 2 1 15 15 14 13 13 13 12 12 12 12 11 11 10 9 7 6 5 5 4 4 4 4 3 3 2 2 1 1 16 16 16 16 16 1 1 1 1 1 9 10 9 9 
9 8 7 7 6 5 5 4 4 3 2 1 16 15 15 14 14 13 13 13 12 11 10 9 8 7 6 6 5 5 5 4 4 3 3 2 2 1 1 1 1 1 1 1 1 1 1 1 1 4 1 16 16 4 12 7 10 
7 6 6 6 6 6 7 7 8 9 11 12 13 13 13 13 14 14 15 15 1 3 4 4 5 5 5 5 5 4 4 3 2 1 1 16 16 16 16 16 15 16 15 15 13 13 10 
10 12 12 12 13 13 13 14 14 14 15 2 3 4 5 5 5 5 4 4 3 3 2 1 16 16 16 16 16 16 16 16 16 16 16 10 
9 9 10 11 12 13 13 14 14 14 15 15 16 1 3 4 5 5 5 6 6 6 6 6 5 1 16 16 16 16 16 16 16 16 16 1 1 1 2 10 
8 9 9 9 11 11 12 13 14 14 14 15 15 16 1 2 4 5 5 5 5 6 6 6 6 5 4 2 1 16 16 16 16 16 16 16 16 16 16 16 16 10 
7 8 8 8 8 9 9 10 10 11 11 12 12 12 12 13 13 13 14 14 14 15 15 16 16 1 1 2 2 3 4 4 4 5 5 6 6 6 7 7 7 8 8 8 8 9 16 16 16 16 16 16 16 16 16 16 16 16 16 16 16 16 16 1 1 3 7 9 10 
6 5 6 6 7 9 11 11 11 11 12 12 13 13 13 13 14 14 15 15 16 16 1 2 2 3 3 4 4 5 5 6 6 7 7 7 7 8 8 16 16 16 16 16 16 16 16 16 16 16 16 16 1 10 
15 15 15 15 15 15 16 1 1 2 3 3 3 3 4 4 5 5 5 6 6 7 7 8 8 9 9 9 10 10 10 11 11 12 12 13 13 14 14 15 16 16 1 1 1 2 2 3 3 4 4 4 5 5 5 5 5 6 6 6 7 7 7 7 7 7 15 15 15 15 16 16 16 16 16 16 16 1 1 1 1 1 1 1 16 12 8 9 8 9 8 
15 15 15 16 16 1 16 1 1 1 1 2 2 3 3 4 5 5 5 5 6 6 7 7 7 8 8 9 10 11 11 12 12 12 12 12 12 13 13 14 15 16 16 1 1 1 2 2 3 3 4 4 5 5 5 6 6 7 7 7 7 15 16 16 16 16 16 16 16 16 16 16 16 16 16 16 1 9 
8 11 11 13 12 13 13 14 14 14 14 15 15 16 1 2 3 4 5 5 5 6 6 7 7 8 9 11 12 13 14 15 16 1 1 1 1 1 1 1 1 16 16 16 10 
7 11 12 13 13 13 13 13 14 14 15 15 16 1 2 3 4 5 5 5 5 6 6 7 7 8 9 10 10 12 12 14 15 16 16 16 16 16 16 16 16 16 16 16 16 1 2 2 4 10 
15 16 15 14 13 13 13 13 13 13 14 14 14 15 15 16 2 3 4 4 4 5 5 5 6 6 7 7 8 8 8 9 10 13 15 15 15 16 16 16 16 16 16 16 1 16 1 4 7 9 
13 12 13 12 13 13 13 13 14 14 15 15 16 1 3 4 4 5 5 6 6 6 7 7 7 8 8 9 11 13 14 15 15 16 16 16 16 16 16 16 1 1 1 9 
7 7 8 10 12 11 12 12 13 13 13 13 14 14 14 15 15 15 15 16 16 1 2 3 5 5 6 6 6 7 7 7 7 7 7 8 15 16 16 16 16 16 16 16 16 16 16 16 16 16 16 16 16 16 1 1 5 9 
11 11 11 11 12 12 13 13 13 14 14 14 15 15 15 16 16 16 1 1 2 3 4 5 6 6 6 7 7 7 7 8 8 8 8 8 9 8 16 1 1 1 1 16 16 16 16 16 16 16 16 16 16 16 16 15 15 15 15 15 14 14 13 12 10 9 9 
